1                                                       0x240 0x25 10 10 10 10 10 10 10 10 10 10 10 10 10 10 10
10                                                      0x240 0x25 10 10 10 10 10 10 10 10 10 10 10 10 10 10 10
0x245                                                         0x25 10 10 10 10 10 10 10 10 10 10 10 10 10 10 10
10                                                      0x240 0x25 10 10 10 10 10 10 1  10 1  10 1  1  1  1   1
0x245                                                         0x25 0x71                                         10
10                                                      0x240 0x25 0x71                                         10
10 0x183 1 2                                            0x48  0x25 0x71                                         10
10 0x160 1 1 1 1 1                                      0x57  0x23 1  1  1  1 0x52                              10
0x144 1 0x3 3 0x11 10 10 10 10 10 10 0x5 3              0x44  0x25 1  10 10 10 1    0x47                        10
10                                                      0x240 0x24 10 10 10 10 10 1  0x5 1 0x33                 10
10 1 0x114 1 1 0x11 10 0x16  10 10 10 10 10 10 0x15 5   0x33  0x25 0x71                                         10
10                                                      0x240 0x24 10 10 10 10 10 10 1 0x38                     10
0x123 10 10 0x7 1 10 0x6 0x10 10 10 10 10 0x5            0x55 0x25 10 10 10 10 10 10   0x53                     10
10                                                      0x249 0x24 10 10 10 10 10 1    0x58                     10
1 1 1 1 1 1 1 1 1 1 1 1 1 1 1 1 1 1 1 1 1 1 1 1 1 1 10 10 1 1 1 1 1 1 1 1 1 1 1 1 1 1 1 1 1 1 01 01 01 01 01 01 01 1 1 1 1 1 1 1 1 1 1 1 1 1 1 1 1 1 1 1 1 10

#1 số 0 là khoảng cách giá trị 20px, hàng trên cách dưới 50px
#4940 là vị trí cầu